linear:
  x: 0.05369524657726288
  y: 0.0
  z: 0.0
angular:
  x: 0.0
  y: 0.0
  z: 0.791723906993866
---
linear:
  x: 0.025867275893688205
  y: 0.0
  z: 0.0
angular:
  x: 0.0
  y: 0.0
  z: 0.8308103084564208
---
